Report:
                   precision    recall  f1-score   support

   Bed_to_Toilet       0.86      0.89      0.88        36
          Eating       0.93      0.96      0.94       570
      Enter_Home       0.74      0.39      0.51        36
    Housekeeping       0.99      0.99      0.99      1536
      Leave_Home       0.91      0.79      0.85        38
Meal_Preparation       0.96      0.98      0.97      2617
           Relax       0.97      0.98      0.97      2850
       Respirate       0.93      0.96      0.95        27
        Sleeping       0.99      0.98      0.99      1170
     Wash_Dishes       0.97      0.93      0.95       359
            Work       0.97      0.98      0.98       922
         Nothing       0.98      0.98      0.98     13772

        accuracy                           0.98     23933
       macro avg       0.93      0.90      0.91     23933
    weighted avg       0.98      0.98      0.98     23933

Confusion matrix:
 [[   32     0     0     0     0     0     0     0     1     0     0     3]
 [    0   545     0     5     0     6     2     0     0     1     0    11]
 [    0     0    14     0     0     0     0     0     0     0     0    22]
 [    0     0     0  1517     0     0     0     0     0     0     0    19]
 [    0     0     0     0    30     0     0     0     0     0     0     8]
 [    0     6     0     0     0  2562     1     0     0     1     0    47]
 [    0     0     0     0     0     1  2790     0     0     0     0    59]
 [    0     0     0     0     0     0     0    26     0     0     0     1]
 [    1     0     0     0     0     0     0     0  1149     0     0    20]
 [    0     0     0     0     0    11     0     0     0   334     0    14]
 [    0     0     0     0     0     0     0     0     0     0   903    19]
 [    4    33     5     9     3    80    93     2     8     7    26 13502]]

Report:
                   precision    recall  f1-score   support

   Bed_to_Toilet       0.73      0.67      0.70        33
          Eating       0.93      0.95      0.94       569
      Enter_Home       0.78      0.49      0.60        51
    Housekeeping       1.00      0.99      0.99      1446
      Leave_Home       0.83      0.71      0.77        42
Meal_Preparation       0.98      0.97      0.97      2726
           Relax       0.97      0.98      0.97      2822
       Respirate       0.93      0.96      0.95        27
        Sleeping       0.99      0.98      0.98      1127
     Wash_Dishes       0.97      0.95      0.96       359
            Work       0.97      0.98      0.97       944
         Nothing       0.98      0.98      0.98     13787

        accuracy                           0.98     23933
       macro avg       0.92      0.88      0.90     23933
    weighted avg       0.98      0.98      0.98     23933

Confusion matrix:
 [[   22     0     0     0     0     0     0     0     0     0     0    11]
 [    0   542     0     3     0     1     0     0     0     0     0    23]
 [    0     0    25     0     0     0     0     0     0     0     0    26]
 [    0     0     0  1434     0     0     0     0     0     0     0    12]
 [    0     0     0     0    30     1     0     0     0     0     0    11]
 [    0     7     0     0     0  2646     0     0     0     0     0    73]
 [    0     0     0     0     0     0  2765     0     0     0     0    57]
 [    0     0     0     0     0     0     0    26     0     0     0     1]
 [    3     0     0     0     0     0     0     0  1103     0     0    21]
 [    0     3     0     0     0     4     0     0     0   342     0    10]
 [    0     0     0     0     0     0     0     0     0     0   921    23]
 [    5    29     7     4     6    61    89     2    15    10    27 13532]]

Report:
                   precision    recall  f1-score   support

   Bed_to_Toilet       0.85      0.73      0.79        45
          Eating       0.93      0.95      0.94       609
      Enter_Home       0.95      0.58      0.72        31
    Housekeeping       0.99      0.98      0.98      1499
      Leave_Home       1.00      0.63      0.77        51
Meal_Preparation       0.98      0.97      0.97      2782
           Relax       0.97      0.98      0.98      3006
       Respirate       0.90      0.95      0.92        37
        Sleeping       0.98      0.98      0.98      1162
     Wash_Dishes       0.96      0.97      0.96       311
            Work       0.98      0.97      0.98       960
         Nothing       0.98      0.98      0.98     13440

        accuracy                           0.98     23933
       macro avg       0.96      0.89      0.91     23933
    weighted avg       0.98      0.98      0.98     23933

Confusion matrix:
 [[   33     0     0     0     0     0     0     0    10     0     0     2]
 [    0   579     0     0     0     8     0     0     0     0     0    22]
 [    0     0    18     0     0     0     0     0     0     0     0    13]
 [    0     4     0  1463     0     0     3     0     0     0     0    29]
 [    0     0     0     0    32     0     0     0     0     0     0    19]
 [    0     6     0     2     0  2694     0     0     0     1     0    79]
 [    0     0     0     0     0     0  2940     0     0     0     0    66]
 [    0     0     0     0     0     0     0    35     0     0     0     2]
 [    0     0     0     0     0     0     0     0  1144     0     0    18]
 [    0     0     0     0     0     1     0     0     0   301     0     9]
 [    0     0     0     0     0     0     0     0     0     0   935    25]
 [    6    33     1     9     0    52    77     4    12    11    19 13216]]

TOTAL accuracy score: 97.74787949692893
